((("set" .
   [1 0 0])
  ("PATH:/Users/Aeolus/projects/cg_simulations/src" .
   [0 0 0 0 0 0 0 0 0 0 0 0 0 0 0 0 0 0 0 0 0 0 1 0 0 0 0 0 0 0 0 0 0 0 0 0 0 0 0 0 0 0 0 0 0 0])
  ("/usr/bin/env" .
   [0 0 0 0 0 0 0 0 0 0 0 1])
  ("/usr/bin/" .
   [0 0 0 0 0 0 0 2 0])
  ("/usr/" .
   [0 0 0 2 0])
  ("./run_case" .
   [1 0 0 0 0 0 0 0 0 0])
  ("~/projects/cg_simulations/" .
   [0 0 0 0 0 0 0 0 0 0 0 0 0 1 0 0 0 0 0 0 0 0 0 0 0 0])
  ("c0pc" .
   [1 0 0 0])
  ("r1count" .
   [1 0 0 0 0 0 0])
  ("c0count" .
   [1 0 0 0 0 0 0])
  ("r0count" .
   [1 0 0 0 0 0 0])
  ("r00count" .
   [1 0 0 0 0 0 0 0])
  ("r1pc" .
   [2 0 0 0])
  ("r00" .
   [3 0 0])
  ("../data/" .
   [0 0 0 0 0 1 0 0])
  ("../results/" .
   [0 0 0 0 0 0 0 0 0 0 1])
  ("r0pc" .
   [3 0 0 0])
  ("echo" .
   [10 0 0 0])
  ("ess" .
   [1 0 0])
  ("install" .
   [3 0 0 0 0 0 0])
  ("emacs" .
   [1 0 0 0 0])
  ("sudo" .
   [3 0 0 0])
  ("apt-get" .
   [5 0 0 0 0 0 0])
  ("ess-site" .
   [0 0 0 0 0 0 0 1])
  ("require" .
   [1 0 0 0 0 0 0])
  ("file" .
   [1 0 0 0])
  ("f.r2" .
   [6 0 0 0])
  ("do.call" .
   [1 0 0 0 0 0 0])
  ("0.2" .
   [1 0 0])
  ("asin" .
   [1 0 0 0])
  ("fit.r2" .
   [5 0 0 0 2 0])
  ("value" .
   [1 0 0 0 0])
  ("expression" .
   [2 0 0 0 0 0 0 0 0 0])
  ("Fraction" .
   [1 0 0 0 0 0 0 0])
  ("Size" .
   [1 0 0 0])
  ("19" .
   [2 0])
  ("labels" .
   [1 0 0 0 0 0])
  ("axis" .
   [0 0 0 1])
  ("my.colors" .
   [2 0 1 3 0 0 0 0 0])
  ("size.frac" .
   [1 0 0 0 0 0 0 0 0])
  ("split" .
   [2 0 0 0 0])
  ("strsplit" .
   [0 0 0 0 1 0 0 0])
  ("substr" .
   [1 0 0 0 0 0])
  ("chemistry" .
   [8 0 0 0 0 0 0 0 0])
  ("out.l" .
   [3 0 0 0 0])
  ("hybrid" .
   [1 0 0 0 0 0])
  ("data.frame" .
   [1 0 0 0 0 0 0 0 0 0])
  ("box.lwd" .
   [0 0 0 0 0 1 0])
  ("0.75" .
   [6 0 0 0])
  ("lty" .
   [2 0 0])
  ("lwd" .
   [3 0 0])
  ("0.05" .
   [9 0 0 0])
  ("cex" .
   [6 0 0])
  ("500" .
   [1 0 0])
  ("r2.ct" .
   [0 0 1 0 0])
  ("mm" .
   [1 0])
  ("0.9" .
   [1 0 0])
  ("0.45" .
   [1 0 0 0])
  ("spline" .
   [2 0 0 0 0 0])
  ("0.5" .
   [8 0 0])
  ("my.color" .
   [5 0 0 2 0 3 0 0])
  ("points" .
   [2 0 0 0 0 0])
  ("0" .
   [1])
  ("ylim" .
   [2 0 0 0])
  ("size" .
   [10 0 0 0])
  ("sub" .
   [3 0 0])
  ("chem" .
   [18 0 0 0])
  ("mfrow" .
   [3 0 0 1 0])
  ("results." .
   [2 0 0 0 0 0 0 0])
  ("aov" .
   [1 0 0])
  ("lm" .
   [5 0])
  ("results.ct" .
   [4 0 0 0 0 0 0 0 0 0])
  ("out" .
   [9 0 0])
  ("aov.tab" .
   [2 0 0 0 0 0 0])
  ("else" .
   [2 0 0 0])
  ("results" .
   [17 0 0 0 0 0 1])
  ("sqrt" .
   [2 0 0 0])
  ("fit" .
   [10 0 0])
  ("shapiro" .
   [2 0 0 0 1 1 0])
  ("chemical" .
   [1 0 0 0 0 0 0 3])
  ("lm.N" .
   [2 0 0 0])
  ("glm.N" .
   [3 0 0 0 0])
  ("glm.asNQP" .
   [1 0 0 0 0 0 0 0 0])
  ("asin.sqrt.N" .
   [0 0 0 0 2 1 0 0 0 0 0])
  ("X..N" .
   [1 0 0 0])
  ("Hybrid.Index" .
   [0 0 0 0 0 0 1 2 0 0 0 1])
  ("autoload" .
   [0 0 0 0 1 0 0 0])
  ("auto-complete-mode" .
   [1 0 0 0 0 0 0 0 0 1 0 0 0 0 0 0 1 0])
  ("auto-complete" .
   [1 0 0 0 0 0 0 0 0 0 1 0 0])
  ("library" .
   [0 0 0 2 0 0 0])
  ("fuck.tard" .
   [1 0 0 0 3 0 0 0 9])
  ("fuck.tard$Tree.ID" .
   [0 0 0 0 0 0 0 0 0 0 1 1 0 1 0 0 1])
  ("read" .
   [1 0 0 1])
  ("table" .
   [1 0 0 0 1])
  ("Add" .
   [1 0 0])
  ("Tree.ID" .
   [1 0 0 4 3 3 0])
  ("paste" .
   [11 0 0 0 0])
  ("sep" .
   [6 0 0])
  ("fix.treeID" .
   [0 0 0 1 0 1 0 0 0 0])
  ("as.character" .
   [0 0 0 2 1 1 0 1 0 1 0 1])
  ("unlist" .
   [6 0 0 0 0 0])
  ("utid" .
   [9 0 0 0])
  ("length" .
   [40 0 0 1 2 0])
  ("colnames" .
   [3 0 0 2 5 2 0 1])
  ("for" .
   [13 0 0])
  ("nrow" .
   [2 0 0 0])
  ("data" .
   [52 0 0 0])
  ("summary" .
   [14 0 0 0 0 0 1])
  ("ncol" .
   [8 0 0 0])
  ("attach" .
   [2 0 0 0 0 0])
  ("detach" .
   [1 0 0 0 0 1])
  ("rbind" .
   [3 0 0 0 0])
  ("Chem.fucker" .
   [1 0 1 0 0 0 0 0 0 0 0])
  ("list" .
   [9 0 0 0])
  ("unique" .
   [40 0 0 6 1 8])
  ("data.l" .
   [16 0 0 0 0 0])
  ("particle.size" .
   [0 0 0 1 5 6 0 0 0 0 0 0 16])
  ("factor" .
   [3 0 0 0 0 2])
  ("x$particle.size" .
   [0 0 0 0 0 1 1 0 0 0 1 0 0 0 0])
  ("na.omit" .
   [4 0 0 0 0 1 1])
  ("is.na" .
   [10 0 0 0 0])
  ("names" .
   [17 0 0 0 0])
  ("Crosstype" .
   [0 0 3 4 7 0 0 0 0])
  ("plot" .
   [11 0 0 0])
  ("as.numeric" .
   [8 0 0 0 1 1 1 0 1 0])
  ("FALSE" .
   [9 0 0 0 0])
  ("particle.size." .
   [4 0 0 0 0 0 0 0 0 0 0 0 0 0])
  ("abline" .
   [5 0 0 0 0 0])
  ("max" .
   [6 0 0])
  ("seq" .
   [4 0 0])
  ("pch" .
   [8 0 0])
  ("col" .
   [14 0 0])
  ("xlab" .
   [3 0 0 0])
  ("ylab" .
   [4 0 0 0])
  ("par" .
   [4 0 0])
  ("legend" .
   [7 0 0 0 0 0])
  ("fill" .
   [1 0 0 0])
  ("TRUE" .
   [2 0 0 0])
  ("lines" .
   [4 0 0 0 0])
  ("xaxt" .
   [3 0 0 0])
  ("9.5" .
   [6 0 0])
  ("0.23" .
   [1 0 0 0])
  ("100" .
   [8 0 0])
  ("sf.ancova" .
   [0 0 0 2 0 1 0 0 0])
  ("function" .
   [4 0 0 0 0 0 0 0])
  ("sf.glm" .
   [3 0 0 0 0 0])
  ("Nxy" .
   [2 0 0])
  ("mode" .
   [1 0 0 0])
  ("tree.id" .
   [13 0 0 0 0 0 0])
  ("gps$Location" .
   [0 0 0 1 0 0 1 0 0 0 0 0])
  ("functions" .
   [0 0 0 0 0 0 0 0 1])
  ("lon" .
   [1 0 0])
  ("n.ab" .
   [4 0 0 0])
  ("sum" .
   [2 0 0])
  ("pairs" .
   [2 0 0 0 0])
  ("p.ab" .
   [6 0 0 0])
  ("log" .
   [1 0 0])
  ("base" .
   [1 0 0 0])
  ("px" .
   [2 0])
  ("TRANS" .
   [1 0 0 0 0])
  ("1-" .
   [1 0])
  ("done" .
   [1 0 0 0])
  ("1..1000..1" .
   [0 0 0 0 0 0 1 0 0 0])
  ("testout" .
   [2 0 0 0 0 0 0])
  ("case" .
   [1 0 0 0])
  ("~/projects/" .
   [0 0 0 0 0 1 0 0 0 0 0])
  ("~/projects/pb_removal_nets/" .
   [0 0 0 0 0 0 0 0 0 0 0 0 0 0 1 0 0 0 0 0 0 0 0 0 0 0 0])
  ("~/projects/pb_removal_nets/data/" .
   [0 0 0 0 0 0 0 0 0 0 0 0 0 0 0 0 0 0 0 0 0 0 0 0 0 0 0 0 0 1 0 0])
  ("~/projects/pb_removal_nets/data/null09c/" .
   [0 0 0 0 0 0 0 0 0 0 0 0 0 0 0 0 0 0 0 0 0 0 0 0 0 0 0 0 0 0 0 0 0 0 0 0 0 0 0 1])
  ("let" .
   [2 0 0])
  ("export" .
   [2 0 0 0 0 0])
  ("PATH" .
   [1 0 0 0])
  ("hoth" .
   [1 0 0 0])
  ("prompt" .
   [1 0 0 0 0 0])
  ("exit" .
   [2 0 0 0])
  ("find" .
   [0 0 2 0])
  ("gplot" .
   [1 0 0 0 0])
  ("e" .
   [1])
  ("File" .
   [1 0 0 0])
  ("infile" .
   [1 0 0 0 0 0])
  ("outfile" .
   [1 0 0 0 0 0 0])))
